{
  "attention_similarity": {
    "global_adjacent_cosine": [
      0.17501954357108213,
      0.9470549951679824,
      0.9603819043338587,
      0.971637024595569,
      0.9586619734764099,
      0.9414092074405305,
      0.9441820251514697,
      0.9500167832023754,
      0.9378579601082889,
      0.9442987372775968,
      0.936911560039668
    ],
    "global_adjacent_jsd": [
      0.10328864236249582,
      0.01262881686110392,
      0.009271238336388278,
      0.007040899526418005,
      0.010633199004184126,
      0.01523425719914426,
      0.014645933904770729,
      0.012781100244859065,
      0.01572069324668414,
      0.014466690946287419,
      0.01630569550245712
    ],
    "global_cosine_matrix": [
      [
        1.0000000141366292,
        0.17501954357108213,
        0.1733650791189216,
        0.1739275860893184,
        0.17083566438222786,
        0.16301246811090342,
        0.16738741380403258,
        0.15817695915958657,
        0.15763426896649893,
        0.15742849683369234,
        0.15194541345001536,
        0.14961771253723605
      ],
      [
        0.17501954357108213,
        1.000000005135347,
        0.9470549951679824,
        0.9305353538572269,
        0.9205415548913592,
        0.8687877086679102,
        0.8909874263022092,
        0.8253600621615813,
        0.8288091246871727,
        0.8299699428005348,
        0.7968014435408076,
        0.7796418876292514
      ],
      [
        0.1733650791189216,
        0.9470549951679824,
        1.0000000008655079,
        0.9603819043338587,
        0.9485408939558215,
        0.9124592270301827,
        0.9211402136150888,
        0.8755076158312145,
        0.871346200308749,
        0.8633752657967869,
        0.8349551784680636,
        0.8089678893361641
      ],
      [
        0.1739275860893184,
        0.9305353538572269,
        0.9603819043338587,
        1.0000000126364155,
        0.971637024595569,
        0.9466902077024927,
        0.9406710657699526,
        0.9022701480150915,
        0.8945790740435029,
        0.8807738835329239,
        0.8525241189866191,
        0.826445047183743
      ],
      [
        0.17083566438222786,
        0.9205415548913592,
        0.9485408939558215,
        0.971637024595569,
        0.9999999994806953,
        0.9586619734764099,
        0.9531362648739589,
        0.9170989042791715,
        0.9079595041413505,
        0.8893990453192018,
        0.8628920893124435,
        0.8330019380670087
      ],
      [
        0.16301246811090342,
        0.8687877086679102,
        0.9124592270301827,
        0.9466902077024927,
        0.9586619734764099,
        1.0000000102129933,
        0.9414092074405305,
        0.9312600412073347,
        0.9144103703632706,
        0.8784462892651442,
        0.8564657820505879,
        0.8163588556523245
      ],
      [
        0.16738741380403258,
        0.8909874263022092,
        0.9211402136150888,
        0.9406710657699526,
        0.9531362648739589,
        0.9414092074405305,
        1.0000000062893575,
        0.9441820251514697,
        0.9386710963083029,
        0.920088373679967,
        0.8926858091285129,
        0.8752019139365559
      ],
      [
        0.15817695915958657,
        0.8253600621615813,
        0.8755076158312145,
        0.9022701480150915,
        0.9170989042791715,
        0.9312600412073347,
        0.9441820251514697,
        1.0000000090012822,
        0.9500167832023754,
        0.9215657750842416,
        0.9037012508624059,
        0.8732118048603283
      ],
      [
        0.15763426896649893,
        0.8288091246871727,
        0.871346200308749,
        0.8945790740435029,
        0.9079595041413505,
        0.9144103703632706,
        0.9386710963083029,
        0.9500167832023754,
        1.0000000045583417,
        0.9378579601082889,
        0.9219734714315106,
        0.8912140591446912
      ],
      [
        0.15742849683369234,
        0.8299699428005348,
        0.8633752657967869,
        0.8807738835329239,
        0.8893990453192018,
        0.8784462892651442,
        0.920088373679967,
        0.9215657750842416,
        0.9378579601082889,
        1.0000000079049722,
        0.9442987372775968,
        0.9221376530891005
      ],
      [
        0.15194541345001536,
        0.7968014435408076,
        0.8349551784680636,
        0.8525241189866191,
        0.8628920893124435,
        0.8564657820505879,
        0.8926858091285129,
        0.9037012508624059,
        0.9219734714315106,
        0.9442987372775968,
        1.0000000064047585,
        0.936911560039668
      ],
      [
        0.14961771253723605,
        0.7796418876292514,
        0.8089678893361641,
        0.826445047183743,
        0.8330019380670087,
        0.8163588556523245,
        0.8752019139365559,
        0.8732118048603283,
        0.8912140591446912,
        0.9221376530891005,
        0.936911560039668,
        1.0000000034620316
      ]
    ],
    "global_jsd_matrix": [
      [
        0.0,
        0.10328864236249582,
        0.10980479381004815,
        0.11482267086425686,
        0.11720966569004654,
        0.1295654041853094,
        0.12332169830957779,
        0.13885040635320595,
        0.13839602001581164,
        0.1371115313199171,
        0.1460875872475711,
        0.1505757360849872
      ],
      [
        0.10328864236249582,
        0.0,
        0.01262881686110392,
        0.016635127444025795,
        0.019613549542421293,
        0.03348935682359012,
        0.027333663937898076,
        0.04618316266905707,
        0.04566230556214479,
        0.04557496971213633,
        0.054808065859602705,
        0.061150388967061896
      ],
      [
        0.10980479381004815,
        0.01262881686110392,
        0.0,
        0.009271238336388278,
        0.012475921080915648,
        0.022190332803099858,
        0.019577462355077038,
        0.032749956985800334,
        0.03403545820153348,
        0.03615427369004817,
        0.044015764957519264,
        0.05258539088957538
      ],
      [
        0.11482267086425686,
        0.016635127444025795,
        0.009271238336388278,
        0.0,
        0.007040899526418005,
        0.013803955012912586,
        0.014926361902783708,
        0.025916818586166405,
        0.028199326620227137,
        0.031680607865316596,
        0.039459036973314966,
        0.047967023604764944
      ],
      [
        0.11720966569004654,
        0.019613549542421293,
        0.012475921080915648,
        0.007040899526418005,
        0.0,
        0.010633199004184126,
        0.01187101191059404,
        0.02192091304873768,
        0.024638593045405013,
        0.029412731400259122,
        0.03676641979484683,
        0.046149512920582746
      ],
      [
        0.1295654041853094,
        0.03348935682359012,
        0.022190332803099858,
        0.013803955012912586,
        0.010633199004184126,
        0.0,
        0.01523425719914426,
        0.018128690269251877,
        0.02298434229796646,
        0.03214063871172252,
        0.03847845072884181,
        0.0506624451911461
      ],
      [
        0.12332169830957779,
        0.027333663937898076,
        0.019577462355077038,
        0.014926361902783708,
        0.01187101191059404,
        0.01523425719914426,
        0.0,
        0.014645933904770729,
        0.016329106639454003,
        0.020865476143880884,
        0.028438374023282285,
        0.03391788332810534
      ],
      [
        0.13885040635320595,
        0.04618316266905707,
        0.032749956985800334,
        0.025916818586166405,
        0.02192091304873768,
        0.018128690269251877,
        0.014645933904770729,
        0.0,
        0.012781100244859065,
        0.020250933849778375,
        0.025208136630276108,
        0.033825130469642674
      ],
      [
        0.13839602001581164,
        0.04566230556214479,
        0.03403545820153348,
        0.028199326620227137,
        0.024638593045405013,
        0.02298434229796646,
        0.016329106639454003,
        0.012781100244859065,
        0.0,
        0.01572069324668414,
        0.020144177282486915,
        0.028671318895948938
      ],
      [
        0.1371115313199171,
        0.04557496971213633,
        0.03615427369004817,
        0.031680607865316596,
        0.029412731400259122,
        0.03214063871172252,
        0.020865476143880884,
        0.020250933849778375,
        0.01572069324668414,
        0.0,
        0.014466690946287419,
        0.020542976990998482
      ],
      [
        0.1460875872475711,
        0.054808065859602705,
        0.044015764957519264,
        0.039459036973314966,
        0.03676641979484683,
        0.03847845072884181,
        0.028438374023282285,
        0.025208136630276108,
        0.020144177282486915,
        0.014466690946287419,
        0.0,
        0.01630569550245712
      ],
      [
        0.1505757360849872,
        0.061150388967061896,
        0.05258539088957538,
        0.047967023604764944,
        0.046149512920582746,
        0.0506624451911461,
        0.03391788332810534,
        0.033825130469642674,
        0.028671318895948938,
        0.020542976990998482,
        0.01630569550245712,
        0.0
      ]
    ],
    "image_count": 1033,
    "point_adjacent_cosine": [
      0.22188702454613318,
      0.43052630715711193,
      0.49636653858163954,
      0.5599920188517851,
      0.6342929574716117,
      0.7695532880373744,
      0.7781598076433068,
      0.8528612098432519,
      0.8218956281421635,
      0.8217773216527755,
      0.8126603122878409
    ],
    "point_adjacent_jsd": [
      0.2839672751752186,
      0.18295200037067075,
      0.13984060641419363,
      0.1353253356656474,
      0.12413818893817286,
      0.09823979996648313,
      0.08884133048068103,
      0.06856753737463152,
      0.08130270232894872,
      0.07494797037251094,
      0.06594536012245956
    ],
    "point_query_count": 4069
  },
  "dense_by_scene": {
    "adverse_style": {
      "best_accuracy": 0.9512195121951219,
      "best_direction": "larger",
      "larger_correct": 312,
      "larger_is_closer_accuracy": 0.9512195121951219,
      "pairs": 328,
      "smaller_correct": 16,
      "smaller_is_closer_accuracy": 0.04878048780487805,
      "tie_fraction": 0.0,
      "ties": 0
    },
    "aerial": {
      "best_accuracy": 0.9639175257731959,
      "best_direction": "larger",
      "larger_correct": 187,
      "larger_is_closer_accuracy": 0.9639175257731959,
      "pairs": 194,
      "smaller_correct": 7,
      "smaller_is_closer_accuracy": 0.03608247422680412,
      "tie_fraction": 0.0,
      "ties": 0
    },
    "indoor": {
      "best_accuracy": 0.9261904761904762,
      "best_direction": "larger",
      "larger_correct": 389,
      "larger_is_closer_accuracy": 0.9261904761904762,
      "pairs": 420,
      "smaller_correct": 31,
      "smaller_is_closer_accuracy": 0.07380952380952381,
      "tie_fraction": 0.0,
      "ties": 0
    },
    "non_real": {
      "best_accuracy": 0.9834983498349835,
      "best_direction": "larger",
      "larger_correct": 298,
      "larger_is_closer_accuracy": 0.9834983498349835,
      "pairs": 303,
      "smaller_correct": 5,
      "smaller_is_closer_accuracy": 0.0165016501650165,
      "tie_fraction": 0.0,
      "ties": 0
    },
    "object": {
      "best_accuracy": 0.972972972972973,
      "best_direction": "larger",
      "larger_correct": 144,
      "larger_is_closer_accuracy": 0.972972972972973,
      "pairs": 148,
      "smaller_correct": 4,
      "smaller_is_closer_accuracy": 0.02702702702702703,
      "tie_fraction": 0.0,
      "ties": 0
    },
    "outdoor": {
      "best_accuracy": 0.9302325581395349,
      "best_direction": "larger",
      "larger_correct": 320,
      "larger_is_closer_accuracy": 0.9302325581395349,
      "pairs": 344,
      "smaller_correct": 23,
      "smaller_is_closer_accuracy": 0.06686046511627906,
      "tie_fraction": 0.0029069767441860465,
      "ties": 1
    },
    "transparent_reflective": {
      "best_accuracy": 0.9439252336448598,
      "best_direction": "larger",
      "larger_correct": 202,
      "larger_is_closer_accuracy": 0.9439252336448598,
      "pairs": 214,
      "smaller_correct": 12,
      "smaller_is_closer_accuracy": 0.056074766355140186,
      "tie_fraction": 0.0,
      "ties": 0
    },
    "underwater": {
      "best_accuracy": 0.9914529914529915,
      "best_direction": "larger",
      "larger_correct": 116,
      "larger_is_closer_accuracy": 0.9914529914529915,
      "pairs": 117,
      "smaller_correct": 1,
      "smaller_is_closer_accuracy": 0.008547008547008548,
      "tie_fraction": 0.0,
      "ties": 0
    }
  },
  "dense_overall": {
    "best_accuracy": 0.9516441005802708,
    "best_direction": "larger",
    "larger_correct": 1968,
    "larger_is_closer_accuracy": 0.9516441005802708,
    "pairs": 2068,
    "smaller_correct": 99,
    "smaller_is_closer_accuracy": 0.047872340425531915,
    "tie_fraction": 0.00048355899419729207,
    "ties": 1
  },
  "metadata": {
    "checkpoint": "checkpoints/depth_anything_v2_vits.pth",
    "dataset_root": "datasets/DA-2K/extracted/DA-2K/DA-2K",
    "device": "cuda",
    "elapsed_seconds": 155.8289370880002,
    "encoder": "vits",
    "fill_mode": "zero",
    "images_evaluated": 1033,
    "images_requested": 1033,
    "input_size": 518,
    "keep_percentages": [
      0.99,
      0.98,
      0.95,
      0.9,
      0.85,
      0.8
    ],
    "layer_count": 12,
    "log_every": 100,
    "max_images": 0,
    "missing_images": [],
    "norm": "l2",
    "output_json": "eval_outputs/patch_norm_failure_analysis_full.json",
    "output_md": "eval_outputs/patch_norm_failure_analysis_full.md",
    "patch_count_at_square_input": 1369,
    "readout_layers": [
      2,
      5,
      8,
      11
    ],
    "rule": "DA-2K labels point1 as closer; Depth Anything V2 vits uses larger predicted values for closer points.",
    "scene_type": "",
    "top_examples": 25
  },
  "thresholds": {
    "0.8": {
      "by_scene": {
        "adverse_style": {
          "best_accuracy": 0.9390243902439024,
          "best_direction": "larger",
          "larger_correct": 308,
          "larger_is_closer_accuracy": 0.9390243902439024,
          "pairs": 328,
          "smaller_correct": 20,
          "smaller_is_closer_accuracy": 0.06097560975609756,
          "tie_fraction": 0.0,
          "ties": 0
        },
        "aerial": {
          "best_accuracy": 0.9432989690721649,
          "best_direction": "larger",
          "larger_correct": 183,
          "larger_is_closer_accuracy": 0.9432989690721649,
          "pairs": 194,
          "smaller_correct": 11,
          "smaller_is_closer_accuracy": 0.05670103092783505,
          "tie_fraction": 0.0,
          "ties": 0
        },
        "indoor": {
          "best_accuracy": 0.9261904761904762,
          "best_direction": "larger",
          "larger_correct": 389,
          "larger_is_closer_accuracy": 0.9261904761904762,
          "pairs": 420,
          "smaller_correct": 31,
          "smaller_is_closer_accuracy": 0.07380952380952381,
          "tie_fraction": 0.0,
          "ties": 0
        },
        "non_real": {
          "best_accuracy": 0.9471947194719472,
          "best_direction": "larger",
          "larger_correct": 287,
          "larger_is_closer_accuracy": 0.9471947194719472,
          "pairs": 303,
          "smaller_correct": 16,
          "smaller_is_closer_accuracy": 0.052805280528052806,
          "tie_fraction": 0.0,
          "ties": 0
        },
        "object": {
          "best_accuracy": 0.9256756756756757,
          "best_direction": "larger",
          "larger_correct": 137,
          "larger_is_closer_accuracy": 0.9256756756756757,
          "pairs": 148,
          "smaller_correct": 11,
          "smaller_is_closer_accuracy": 0.07432432432432433,
          "tie_fraction": 0.0,
          "ties": 0
        },
        "outdoor": {
          "best_accuracy": 0.8953488372093024,
          "best_direction": "larger",
          "larger_correct": 308,
          "larger_is_closer_accuracy": 0.8953488372093024,
          "pairs": 344,
          "smaller_correct": 36,
          "smaller_is_closer_accuracy": 0.10465116279069768,
          "tie_fraction": 0.0,
          "ties": 0
        },
        "transparent_reflective": {
          "best_accuracy": 0.9252336448598131,
          "best_direction": "larger",
          "larger_correct": 198,
          "larger_is_closer_accuracy": 0.9252336448598131,
          "pairs": 214,
          "smaller_correct": 16,
          "smaller_is_closer_accuracy": 0.07476635514018691,
          "tie_fraction": 0.0,
          "ties": 0
        },
        "underwater": {
          "best_accuracy": 0.9145299145299145,
          "best_direction": "larger",
          "larger_correct": 107,
          "larger_is_closer_accuracy": 0.9145299145299145,
          "pairs": 117,
          "smaller_correct": 10,
          "smaller_is_closer_accuracy": 0.08547008547008547,
          "tie_fraction": 0.0,
          "ties": 0
        }
      },
      "global_deleted_abs_by_layer_mean": [
        0.17332306132802427,
        0.21787029059039428,
        0.18544492683763772,
        0.176781577861436,
        0.17835731453840176,
        0.16069858420968403,
        0.18254861764299674,
        0.15754847377105927,
        0.16640013121681546,
        0.17110715880052396,
        0.15480022609147306,
        0.18281356283505912
      ],
      "global_deleted_rel_by_layer_mean": [
        0.20355863792737017,
        0.23549297614976952,
        0.20609693562419001,
        0.18906469718126684,
        0.19234949956212594,
        0.17113062467458517,
        0.19035833403251756,
        0.1720346594436702,
        0.1767805607958777,
        0.1883545031289625,
        0.18217791032698816,
        0.1869920343016378
      ],
      "groups": {
        "fix": {
          "count": 26,
          "deleted_mass_abs_by_layer_mean": [
            0.1440675609673445,
            0.14431467964851225,
            0.12902286946057126,
            0.11624277110856313,
            0.11825971817597747,
            0.09637219342403114,
            0.12159621815841931,
            0.12113653703664358,
            0.11416740851620069,
            0.13382459439050692,
            0.11186355724930763,
            0.1505686819839936
          ],
          "deleted_mass_abs_last_mean": 0.1505686819839936,
          "deleted_mass_abs_readout_mean": 0.12253278834619917,
          "deleted_mass_rel_by_layer_mean": [
            0.16988077372885668,
            0.15762064648935428,
            0.14332457386458722,
            0.1251372740102502,
            0.12727590807928488,
            0.10290634331221764,
            0.12641649779218894,
            0.1296616246780524,
            0.12013851693616463,
            0.14535059371533302,
            0.12854281512017435,
            0.15333227555339152
          ],
          "deleted_mass_rel_last_mean": 0.15333227555339152,
          "deleted_mass_rel_readout_mean": 0.12992542741659024,
          "endpoint_deleted_any_rate": 0.23076923076923078,
          "endpoint_deleted_p1_rate": 0.038461538461538464,
          "endpoint_deleted_p2_rate": 0.19230769230769232,
          "top_any_deleted_readout_rate": 0.3076923076923077,
          "top_nonself_deleted_readout_rate": 0.46153846153846156
        },
        "regression": {
          "count": 77,
          "deleted_mass_abs_by_layer_mean": [
            0.22101359398334058,
            0.362411321727438,
            0.3071021733249163,
            0.3186000989895169,
            0.30857968531161933,
            0.2814503043841619,
            0.31501141945263006,
            0.2523422468356885,
            0.2645602256736972,
            0.24683318550807315,
            0.22847664629580913,
            0.28154402497139847
          ],
          "deleted_mass_abs_last_mean": 0.28154402497139847,
          "deleted_mass_abs_readout_mean": 0.28366418208854344,
          "deleted_mass_rel_by_layer_mean": [
            0.2636514465723719,
            0.40455643970567684,
            0.3426029590478578,
            0.34000195086292634,
            0.33164885064417665,
            0.2980937103849727,
            0.3273876410026055,
            0.2709881292728635,
            0.277536426997417,
            0.2702552176915206,
            0.26295318715758137,
            0.28701763493674143
          ],
          "deleted_mass_rel_last_mean": 0.28701763493674143,
          "deleted_mass_rel_readout_mean": 0.3013126828417472,
          "endpoint_deleted_any_rate": 0.6883116883116883,
          "endpoint_deleted_p1_rate": 0.6233766233766234,
          "endpoint_deleted_p2_rate": 0.3116883116883117,
          "top_any_deleted_readout_rate": 0.7662337662337663,
          "top_nonself_deleted_readout_rate": 0.7532467532467533
        },
        "stable_correct": {
          "count": 1891,
          "deleted_mass_abs_by_layer_mean": [
            0.1433073979231619,
            0.14478587180540795,
            0.12063650197043152,
            0.09939650808147532,
            0.1030253118593817,
            0.08829897022157851,
            0.11171632151813593,
            0.10098677087454042,
            0.10010057614982894,
            0.11094011699003653,
            0.10607361096109641,
            0.1356672625850821
          ],
          "deleted_mass_abs_last_mean": 0.1356672625850821,
          "deleted_mass_abs_readout_mean": 0.11117582773173026,
          "deleted_mass_rel_by_layer_mean": [
            0.17155565092727218,
            0.16069530723523984,
            0.1348280040818128,
            0.10598954316873807,
            0.11098496460489779,
            0.09381295638673275,
            0.11598343136626783,
            0.10808448455976603,
            0.10467423513399447,
            0.12087613200430972,
            0.12070884222277041,
            0.13810236883925453
          ],
          "deleted_mass_rel_last_mean": 0.13810236883925453,
          "deleted_mass_rel_readout_mean": 0.11785439111044864,
          "endpoint_deleted_any_rate": 0.19196192490745637,
          "endpoint_deleted_p1_rate": 0.0904283447911158,
          "endpoint_deleted_p2_rate": 0.1195134849286092,
          "top_any_deleted_readout_rate": 0.29455314648334213,
          "top_nonself_deleted_readout_rate": 0.32310946589106293
        },
        "stable_wrong": {
          "count": 74,
          "deleted_mass_abs_by_layer_mean": [
            0.14210435423395923,
            0.11930813675437979,
            0.09387523207712818,
            0.06222192800566051,
            0.07052302463106006,
            0.055447173905810596,
            0.07690151003692802,
            0.06823149573284427,
            0.06670665930377671,
            0.07757459483990395,
            0.07537830375588021,
            0.10514768880062006
          ],
          "deleted_mass_abs_last_mean": 0.10514768880062006,
          "deleted_mass_abs_readout_mean": 0.08029418852183388,
          "deleted_mass_rel_by_layer_mean": [
            0.1669162262130428,
            0.13017343904986675,
            0.10481704492121935,
            0.06648806171378473,
            0.07691449427826179,
            0.059530298889463616,
            0.07997505586732782,
            0.07359581770425713,
            0.06964101040786183,
            0.08461773966917314,
            0.08668908431521945,
            0.10696764544558686
          ],
          "deleted_mass_rel_last_mean": 0.10696764544558686,
          "deleted_mass_rel_readout_mean": 0.08523899991603291,
          "endpoint_deleted_any_rate": 0.0945945945945946,
          "endpoint_deleted_p1_rate": 0.05405405405405406,
          "endpoint_deleted_p2_rate": 0.05405405405405406,
          "top_any_deleted_readout_rate": 0.10810810810810811,
          "top_nonself_deleted_readout_rate": 0.1891891891891892
        }
      },
      "keep_percentage": 0.8,
      "kept_patch_count_at_square_input": 1096,
      "overall": {
        "best_accuracy": 0.9269825918762089,
        "best_direction": "larger",
        "larger_correct": 1917,
        "larger_is_closer_accuracy": 0.9269825918762089,
        "pairs": 2068,
        "smaller_correct": 151,
        "smaller_is_closer_accuracy": 0.07301740812379111,
        "tie_fraction": 0.0,
        "ties": 0
      },
      "top_regression_examples": [
        {
          "deleted_mass_rel_last": 0.5599405765533447,
          "deleted_mass_rel_readout": 0.6635072976350784,
          "dense_margin": 0.09078454971313477,
          "endpoint_deleted_any": true,
          "endpoint_deleted_p1": true,
          "endpoint_deleted_p2": true,
          "image_path": "images/non_real/52759065465_1704ece345_k.jpg",
          "keep": "0.8",
          "p1_patch": 1459,
          "p2_patch": 1458,
          "pair_index": 1,
          "pruned_margin": -0.07625472545623779,
          "scene": "non_real",
          "top_any_deleted_readout": true,
          "top_nonself_deleted_readout": true
        },
        {
          "deleted_mass_rel_last": 0.49764782190322876,
          "deleted_mass_rel_readout": 0.6370288282632828,
          "dense_margin": 1.3084940910339355,
          "endpoint_deleted_any": true,
          "endpoint_deleted_p1": true,
          "endpoint_deleted_p2": true,
          "image_path": "images/outdoor/51559847349_dad8fdba89_k.jpg",
          "keep": "0.8",
          "p1_patch": 926,
          "p2_patch": 868,
          "pair_index": 0,
          "pruned_margin": -1.0669370293617249,
          "scene": "outdoor",
          "top_any_deleted_readout": true,
          "top_nonself_deleted_readout": true
        },
        {
          "deleted_mass_rel_last": 0.6040700674057007,
          "deleted_mass_rel_readout": 0.6349122077226639,
          "dense_margin": 1.2935818433761597,
          "endpoint_deleted_any": true,
          "endpoint_deleted_p1": true,
          "endpoint_deleted_p2": true,
          "image_path": "images/outdoor/53341440575_1425c84d51_k.jpg",
          "keep": "0.8",
          "p1_patch": 665,
          "p2_patch": 658,
          "pair_index": 1,
          "pruned_margin": -0.7948232889175415,
          "scene": "outdoor",
          "top_any_deleted_readout": true,
          "top_nonself_deleted_readout": true
        },
        {
          "deleted_mass_rel_last": 0.39659184217453003,
          "deleted_mass_rel_readout": 0.6153835207223892,
          "dense_margin": 0.5626311302185059,
          "endpoint_deleted_any": true,
          "endpoint_deleted_p1": true,
          "endpoint_deleted_p2": true,
          "image_path": "images/indoor/25983921221_d39847a674_k.jpg",
          "keep": "0.8",
          "p1_patch": 1542,
          "p2_patch": 1654,
          "pair_index": 1,
          "pruned_margin": -0.19503748416900635,
          "scene": "indoor",
          "top_any_deleted_readout": true,
          "top_nonself_deleted_readout": true
        },
        {
          "deleted_mass_rel_last": 0.5003787279129028,
          "deleted_mass_rel_readout": 0.6122064739465714,
          "dense_margin": 0.13727087527513504,
          "endpoint_deleted_any": true,
          "endpoint_deleted_p1": true,
          "endpoint_deleted_p2": true,
          "image_path": "images/adverse_style/51658483222_f5e2a89be6_k.jpg",
          "keep": "0.8",
          "p1_patch": 1076,
          "p2_patch": 679,
          "pair_index": 1,
          "pruned_margin": -0.06119367480278015,
          "scene": "adverse_style",
          "top_any_deleted_readout": true,
          "top_nonself_deleted_readout": true
        },
        {
          "deleted_mass_rel_last": 0.3859473466873169,
          "deleted_mass_rel_readout": 0.5583076030015945,
          "dense_margin": 3.0143415927886963,
          "endpoint_deleted_any": true,
          "endpoint_deleted_p1": true,
          "endpoint_deleted_p2": true,
          "image_path": "images/non_real/53692302701_2bd501a7fb_b.jpg",
          "keep": "0.8",
          "p1_patch": 568,
          "p2_patch": 347,
          "pair_index": 1,
          "pruned_margin": -0.6426989436149597,
          "scene": "non_real",
          "top_any_deleted_readout": true,
          "top_nonself_deleted_readout": true
        },
        {
          "deleted_mass_rel_last": 0.5260456204414368,
          "deleted_mass_rel_readout": 0.546519085764885,
          "dense_margin": 0.742772102355957,
          "endpoint_deleted_any": true,
          "endpoint_deleted_p1": true,
          "endpoint_deleted_p2": true,
          "image_path": "images/adverse_style/10565642806_6362d17cf0_k.jpg",
          "keep": "0.8",
          "p1_patch": 1945,
          "p2_patch": 1786,
          "pair_index": 1,
          "pruned_margin": -1.079424798488617,
          "scene": "adverse_style",
          "top_any_deleted_readout": true,
          "top_nonself_deleted_readout": true
        },
        {
          "deleted_mass_rel_last": 0.47320160269737244,
          "deleted_mass_rel_readout": 0.5463714823126793,
          "dense_margin": 0.49888086318969727,
          "endpoint_deleted_any": true,
          "endpoint_deleted_p1": true,
          "endpoint_deleted_p2": true,
          "image_path": "images/indoor/30497591893_e5f7917957_o.jpg",
          "keep": "0.8",
          "p1_patch": 1721,
          "p2_patch": 1734,
          "pair_index": 0,
          "pruned_margin": -0.456817626953125,
          "scene": "indoor",
          "top_any_deleted_readout": true,
          "top_nonself_deleted_readout": true
        },
        {
          "deleted_mass_rel_last": 0.5219961404800415,
          "deleted_mass_rel_readout": 0.5284093171358109,
          "dense_margin": 0.7325356006622314,
          "endpoint_deleted_any": true,
          "endpoint_deleted_p1": true,
          "endpoint_deleted_p2": true,
          "image_path": "images/adverse_style/51821788430_7b83368c03_k.jpg",
          "keep": "0.8",
          "p1_patch": 1107,
          "p2_patch": 1101,
          "pair_index": 0,
          "pruned_margin": -1.6237572729587555,
          "scene": "adverse_style",
          "top_any_deleted_readout": true,
          "top_nonself_deleted_readout": true
        },
        {
          "deleted_mass_rel_last": 0.5484280586242676,
          "deleted_mass_rel_readout": 0.5279225334525108,
          "dense_margin": 1.2847455739974976,
          "endpoint_deleted_any": true,
          "endpoint_deleted_p1": true,
          "endpoint_deleted_p2": true,
          "image_path": "images/underwater/42189634014_b83b0a21a9_k.jpg",
          "keep": "0.8",
          "p1_patch": 646,
          "p2_patch": 700,
          "pair_index": 1,
          "pruned_margin": -0.9079365134239197,
          "scene": "underwater",
          "top_any_deleted_readout": true,
          "top_nonself_deleted_readout": true
        },
        {
          "deleted_mass_rel_last": 0.42984890937805176,
          "deleted_mass_rel_readout": 0.5121831446886063,
          "dense_margin": 0.0359988808631897,
          "endpoint_deleted_any": true,
          "endpoint_deleted_p1": true,
          "endpoint_deleted_p2": true,
          "image_path": "images/adverse_style/45752608265_7992a16765_k.jpg",
          "keep": "0.8",
          "p1_patch": 512,
          "p2_patch": 459,
          "pair_index": 1,
          "pruned_margin": -0.04318642616271973,
          "scene": "adverse_style",
          "top_any_deleted_readout": true,
          "top_nonself_deleted_readout": true
        },
        {
          "deleted_mass_rel_last": 0.4407142996788025,
          "deleted_mass_rel_readout": 0.4910196363925934,
          "dense_margin": 0.09482172876596451,
          "endpoint_deleted_any": true,
          "endpoint_deleted_p1": false,
          "endpoint_deleted_p2": true,
          "image_path": "images/outdoor/22884041219_3e5cdc64c4_k.jpg",
          "keep": "0.8",
          "p1_patch": 308,
          "p2_patch": 34,
          "pair_index": 0,
          "pruned_margin": -0.37138402834534645,
          "scene": "outdoor",
          "top_any_deleted_readout": true,
          "top_nonself_deleted_readout": true
        },
        {
          "deleted_mass_rel_last": 0.5271201133728027,
          "deleted_mass_rel_readout": 0.4838392660021782,
          "dense_margin": 0.7293322086334229,
          "endpoint_deleted_any": true,
          "endpoint_deleted_p1": true,
          "endpoint_deleted_p2": true,
          "image_path": "images/underwater/42189634014_b83b0a21a9_k.jpg",
          "keep": "0.8",
          "p1_patch": 1367,
          "p2_patch": 1259,
          "pair_index": 0,
          "pruned_margin": -1.8521942496299744,
          "scene": "underwater",
          "top_any_deleted_readout": true,
          "top_nonself_deleted_readout": true
        },
        {
          "deleted_mass_rel_last": 0.4638887643814087,
          "deleted_mass_rel_readout": 0.468681663274765,
          "dense_margin": 1.173755407333374,
          "endpoint_deleted_any": true,
          "endpoint_deleted_p1": true,
          "endpoint_deleted_p2": false,
          "image_path": "images/underwater/33160416385_2318c69954_h.jpg",
          "keep": "0.8",
          "p1_patch": 1340,
          "p2_patch": 1247,
          "pair_index": 1,
          "pruned_margin": -2.258651077747345,
          "scene": "underwater",
          "top_any_deleted_readout": true,
          "top_nonself_deleted_readout": true
        },
        {
          "deleted_mass_rel_last": 0.38491541147232056,
          "deleted_mass_rel_readout": 0.46703043580055237,
          "dense_margin": 0.9455670118331909,
          "endpoint_deleted_any": true,
          "endpoint_deleted_p1": true,
          "endpoint_deleted_p2": true,
          "image_path": "images/non_real/52231534579_1b59241822_k.jpg",
          "keep": "0.8",
          "p1_patch": 867,
          "p2_patch": 1336,
          "pair_index": 1,
          "pruned_margin": -0.18241924047470093,
          "scene": "non_real",
          "top_any_deleted_readout": true,
          "top_nonself_deleted_readout": true
        },
        {
          "deleted_mass_rel_last": 0.36091911792755127,
          "deleted_mass_rel_readout": 0.4627336263656616,
          "dense_margin": 1.0853912830352783,
          "endpoint_deleted_any": true,
          "endpoint_deleted_p1": true,
          "endpoint_deleted_p2": true,
          "image_path": "images/object/123949917_fd08c80d60_b.jpg",
          "keep": "0.8",
          "p1_patch": 843,
          "p2_patch": 852,
          "pair_index": 0,
          "pruned_margin": -1.768667221069336,
          "scene": "object",
          "top_any_deleted_readout": true,
          "top_nonself_deleted_readout": true
        },
        {
          "deleted_mass_rel_last": 0.3940771818161011,
          "deleted_mass_rel_readout": 0.4458044543862343,
          "dense_margin": 0.2848062515258789,
          "endpoint_deleted_any": true,
          "endpoint_deleted_p1": true,
          "endpoint_deleted_p2": true,
          "image_path": "images/object/19810710865_42df884006_h.jpg",
          "keep": "0.8",
          "p1_patch": 605,
          "p2_patch": 506,
          "pair_index": 0,
          "pruned_margin": -0.03123950958251953,
          "scene": "object",
          "top_any_deleted_readout": true,
          "top_nonself_deleted_readout": true
        },
        {
          "deleted_mass_rel_last": 0.5171352028846741,
          "deleted_mass_rel_readout": 0.4391578435897827,
          "dense_margin": 0.18578743934631348,
          "endpoint_deleted_any": true,
          "endpoint_deleted_p1": true,
          "endpoint_deleted_p2": true,
          "image_path": "images/underwater/23433401544_111a517ca0_k.jpg",
          "keep": "0.8",
          "p1_patch": 482,
          "p2_patch": 479,
          "pair_index": 1,
          "pruned_margin": -0.5515576004981995,
          "scene": "underwater",
          "top_any_deleted_readout": true,
          "top_nonself_deleted_readout": true
        },
        {
          "deleted_mass_rel_last": 0.35773664712905884,
          "deleted_mass_rel_readout": 0.41606102138757706,
          "dense_margin": 0.30257225036621094,
          "endpoint_deleted_any": true,
          "endpoint_deleted_p1": true,
          "endpoint_deleted_p2": true,
          "image_path": "images/object/29932966337_47bea19761_k.jpg",
          "keep": "0.8",
          "p1_patch": 993,
          "p2_patch": 846,
          "pair_index": 0,
          "pruned_margin": -0.12081360816955566,
          "scene": "object",
          "top_any_deleted_readout": true,
          "top_nonself_deleted_readout": true
        },
        {
          "deleted_mass_rel_last": 0.4132351577281952,
          "deleted_mass_rel_readout": 0.41349169611930847,
          "dense_margin": 1.585402250289917,
          "endpoint_deleted_any": true,
          "endpoint_deleted_p1": true,
          "endpoint_deleted_p2": false,
          "image_path": "images/underwater/33160416385_2318c69954_h.jpg",
          "keep": "0.8",
          "p1_patch": 945,
          "p2_patch": 1090,
          "pair_index": 0,
          "pruned_margin": -1.7021559476852417,
          "scene": "underwater",
          "top_any_deleted_readout": true,
          "top_nonself_deleted_readout": true
        },
        {
          "deleted_mass_rel_last": 0.39698588848114014,
          "deleted_mass_rel_readout": 0.40702199935913086,
          "dense_margin": 0.2545804977416992,
          "endpoint_deleted_any": true,
          "endpoint_deleted_p1": true,
          "endpoint_deleted_p2": false,
          "image_path": "images/adverse_style/31408624130_b7ecd6e9d3_k.jpg",
          "keep": "0.8",
          "p1_patch": 856,
          "p2_patch": 866,
          "pair_index": 1,
          "pruned_margin": -0.04682689905166626,
          "scene": "adverse_style",
          "top_any_deleted_readout": true,
          "top_nonself_deleted_readout": true
        },
        {
          "deleted_mass_rel_last": 0.45094776153564453,
          "deleted_mass_rel_readout": 0.40016255527734756,
          "dense_margin": 0.36545825004577637,
          "endpoint_deleted_any": true,
          "endpoint_deleted_p1": true,
          "endpoint_deleted_p2": true,
          "image_path": "images/underwater/50181768908_a0b7a14783_k.jpg",
          "keep": "0.8",
          "p1_patch": 1094,
          "p2_patch": 1203,
          "pair_index": 0,
          "pruned_margin": -0.16970133781433105,
          "scene": "underwater",
          "top_any_deleted_readout": true,
          "top_nonself_deleted_readout": true
        },
        {
          "deleted_mass_rel_last": 0.30766910314559937,
          "deleted_mass_rel_readout": 0.3977143242955208,
          "dense_margin": 0.5200550556182861,
          "endpoint_deleted_any": true,
          "endpoint_deleted_p1": true,
          "endpoint_deleted_p2": true,
          "image_path": "images/transparent_reflective/52201347945_414ca0cc2c_k.jpg",
          "keep": "0.8",
          "p1_patch": 996,
          "p2_patch": 1067,
          "pair_index": 0,
          "pruned_margin": -0.0999685525894165,
          "scene": "transparent_reflective",
          "top_any_deleted_readout": true,
          "top_nonself_deleted_readout": true
        },
        {
          "deleted_mass_rel_last": 0.4058484733104706,
          "deleted_mass_rel_readout": 0.37696973979473114,
          "dense_margin": 0.11913633346557617,
          "endpoint_deleted_any": true,
          "endpoint_deleted_p1": true,
          "endpoint_deleted_p2": false,
          "image_path": "images/underwater/34542993022_20e6d9c8ba_k.jpg",
          "keep": "0.8",
          "p1_patch": 1664,
          "p2_patch": 1777,
          "pair_index": 1,
          "pruned_margin": -0.20879089832305908,
          "scene": "underwater",
          "top_any_deleted_readout": true,
